   1.8280800e+01
   2.8592700e+01
   2.3892200e+01
   3.0637300e+01
   1.0713700e+01
   5.3508800e+00
   6.4434500e+00
   3.9286400e+00
   5.0416200e+00
   2.5333900e+00
   1.0513200e+01
   2.3080900e+01
   9.6057800e+00
   4.0187500e+00
   7.7874000e+00
   6.8571600e+00
   7.2346300e+01
   1.0653400e+02
   4.7893100e+01
   6.1193300e+01
   3.0074500e+01
   4.7369600e+01
   3.4652800e+01
   3.8802000e+01
   5.3559700e+00
   7.5910500e+00
   9.2674300e+00
   8.5192600e+00
   4.5656500e+00
   4.7161100e+00
   3.3390200e+00
   1.2058800e+01
   1.2014700e+01
   2.3744700e+00
   4.4239200e+00
   9.2736900e+00
   5.8560600e+00
   7.5399500e+00
   2.0839200e+01
   3.4621900e+01
   3.6600400e+01
   3.8310600e+01
   1.8533400e+01
   4.6652400e+01
   1.3331500e+01
   7.8785700e+00
   6.4055300e+00
   9.4892600e+00
   6.9511200e+00
   5.4278700e+00
   2.2974200e+00
   2.4784000e+00
   2.1255100e+00
   2.6213100e+00
   3.4598200e+00
   4.7018400e+00
   2.6940700e+00
   6.6070700e+00
   4.9099300e+00
   3.5442900e+00
   7.7339000e+01
   1.4804900e+02
   2.6617300e+01
   4.1693400e+01
   1.0301400e+01
   5.3653300e+00
   9.9743500e+00
   8.9277000e+00
   7.2469400e+00
   2.2957600e+00
   2.7855500e+00
   1.7171500e+00
   8.0337200e-01
   1.6835800e+00
   9.1936600e-01
   1.4097800e+00
   5.2963700e+00
   3.8877600e+00
   1.2107200e+00
   1.4165900e+00
   1.6252400e+02
   4.0001500e+01
   3.6611300e+01
   2.1042900e+01
   5.7633000e+00
   6.2979800e+00
   8.3885000e+00
   4.9015500e+00
   6.9713500e+00
   4.0677700e+00
   7.8903300e-01
   2.2157500e+00
   9.8804900e-01
   1.9049100e+00
   1.3389700e+00
   1.0756200e+00
   7.7379500e+00
   7.6893900e+00
   2.3051200e+00
   4.8734600e+00
   1.8992200e+02
   7.4067800e+01
   5.3032300e+01
   2.0812500e+01
   7.1688500e+00
   5.2604000e+00
   5.2900200e+00
   9.0663000e+00
   1.6536400e+01
   3.2510100e+00
   1.2138000e+00
   1.3417000e+00
   2.1606800e+00
   6.7302400e-01
   1.4456400e+00
   1.6691500e+00
   6.7127700e-01
   2.3649300e+00
   6.9707600e+00
   1.0677400e+01
   3.1959500e+02
   3.3669000e+01
   3.9011100e+01
   1.7068900e+01
   8.6217600e+00
   5.8724000e+00
   4.6893800e+00
   1.3603600e+00
   3.9187900e+00
   3.9563300e+00
   2.2787900e+00
   1.9001000e+00
   1.4552500e+00
   1.0186100e+00
   5.8232200e-01
   5.4390300e-01
   6.3936700e-01
   6.0424800e-01
   3.8884900e+00
   5.4165000e+00
   1.3048700e+02
   1.3240000e+02
   5.1449200e+01
   2.3757600e+01
   1.5552600e+01
   7.7207700e+00
   4.9249700e+00
   2.9273500e+00
   4.8863400e+00
   4.8258400e+00
   2.2908900e+00
   8.5636800e-01
   3.0260600e-01
   3.2514000e-01
   8.3738000e-02
   2.1430100e-01
   4.4588700e-01
   9.5466300e-01
   7.9534600e-01
   2.5378100e+00
   4.3425400e+01
   2.4676800e+01
   3.2281100e+01
   3.5409600e+01
   3.0276800e+01
   7.5833500e+00
   3.8052100e+00
   3.3753200e+00
   2.1834600e+00
   5.5364400e-01
   9.1716300e-01
   1.0931300e+00
   2.7125400e-01
   9.2585000e-02
   9.0096000e-02
   1.0374700e-01
   1.3073600e-01
   2.9873400e-01
   4.7752900e-01
   1.2147900e+00
   3.8782900e+01
   1.4313900e+01
   4.6292400e+01
   8.0908900e+01
   1.5937700e+01
   2.5430900e+00
   1.8251300e+01
   1.5402600e+01
   2.3063300e+00
   6.6577900e-01
   1.4954800e+00
   1.9937100e+00
   2.3300900e-01
   1.2659000e-01
   2.6848100e-01
   1.4283300e-01
   1.4043500e-01
   1.4606200e-01
   6.5123700e-01
   1.0286600e+00
   1.3009000e+01
   1.4475800e+01
   1.6869400e+01
   2.1096200e+01
   6.5767200e+00
   1.9584700e+00
   7.9697800e+00
   1.1604800e+01
   1.4747800e+00
   1.2728100e+00
   5.9792100e-01
   8.6900100e-01
   8.4918800e-01
   7.5132400e-01
   3.1579600e-01
   2.6622100e-01
   5.6054500e-01
   7.3698500e-01
   3.0979900e-01
   4.8712400e-01
   7.1602200e+00
   8.6576500e+00
   3.9987400e+00
   1.4251400e+01
   4.8635600e+00
   1.9553400e+00
   5.0719500e+00
   7.8621000e+00
   2.4718000e+00
   5.8351800e-01
   1.0035100e+00
   1.4719700e+00
   5.7635000e-01
   6.4166400e-01
   3.7629200e-01
   3.7960300e-01
   6.8030100e-01
   4.5514200e-01
   3.3571300e-01
   3.6798200e-01
   1.8010400e+00
   6.8259300e+00
   3.4061200e+00
   4.0080300e+00
   2.2454900e+00
   3.5666600e+00
   6.3006300e+00
   7.7396200e+00
   2.6296800e+00
   4.3318900e+00
   1.3649800e+00
   1.4973300e+00
   2.6429500e+00
   1.1414600e+00
   1.7104200e+00
   4.7676900e-01
   2.1804900e-01
   4.5934800e-01
   1.0687700e+00
   6.7621400e-01
   6.0957600e-01
   2.8651300e+00
   2.8782800e+00
   2.1668800e+00
   2.7178800e+00
   5.7225100e+00
   5.1374400e+00
   5.2851800e+00
   1.7995500e+00
   8.7528900e-01
   1.5365600e+00
   2.2197000e+00
   1.7695400e+00
   6.4988300e-01
   1.3309700e+00
   1.2977900e+00
   4.2621000e-01
   5.6876900e-01
   5.3942600e-01
   4.8967100e-01
   3.4640700e+00
   1.6089900e+00
   1.6623700e+00
   4.0867800e+00
   3.2494800e+00
   5.3137400e+00
   5.0152000e+00
   6.0260800e+00
   8.1359000e+00
   8.1780900e+00
   5.6249400e+00
   1.6317300e+00
   2.6429300e+00
   5.8966900e-01
   1.9900500e+00
   4.7915900e-01
   2.0463400e-01
   2.7702200e-01
   2.3431400e-01
   1.0795200e+00
   8.9211000e-01
   1.5340100e+00
   3.0655000e+00
   1.5523600e+00
   3.0363400e+00
   1.1232400e+00
   1.9676400e+00
   4.3526800e+00
   1.2448900e+00
   2.0208200e+00
   2.3510300e+00
   1.9195600e+00
   4.0163400e-01
   1.8744000e-01
   2.6933400e-01
   1.2515600e-01
   1.8352400e-01
   1.8341100e-01
   3.4887200e-01
   1.2718400e+00
   3.5312600e-01
   1.1445000e+00
   8.7754500e-01
   2.4162300e+00
   3.3628500e+00
   1.6128700e+00
   3.7701300e+00
   2.3944200e+00
   8.2140400e-01
   2.5757300e+00
   4.4978600e+00
   1.3893100e+00
   4.8435600e-01
   2.5136800e-01
   2.4930500e-01
   2.2074700e-01
   8.8644000e-02
   1.2586100e-01
   1.1325900e+00
   4.4243000e+00
   3.5291900e-01
   3.9958300e-01
   7.5731400e-01
   2.2536800e+00
   1.1652400e+00
   9.9509100e-01
   1.8836700e+00
   1.3888700e+00
   7.7747000e-01
   2.7146700e+00
   1.4055000e+00
   1.2226000e+00
   7.9126700e-01
   4.1237300e-01
   2.7849500e-01
   2.1373300e-01
   3.4924400e-01
   7.2825900e-01
   1.2665600e+00
   3.8817400e+00
   7.2422000e-01
   5.5967100e-01
   9.6984900e-01
   1.1046600e+00
   5.4206800e-01
   4.1605900e-01
   2.0261800e-01
   1.3626100e+00
   1.7921800e+00
   1.6228900e+00
   2.9779800e+00
   9.6626300e-01
   4.0768800e-01
   3.1515500e-01
   1.5810300e-01
   1.7210300e-01
   5.2355000e-01
   2.0343100e-01
   7.8327400e-01
   1.5581800e+00
   5.9005500e-01
   7.0825500e-01
   7.8020000e-01
   9.4138400e-01
   3.4362400e-01
   1.5266200e-01
   2.5477000e-01
   3.9005200e-01
   6.5242400e-01
   8.9853500e-01
   1.8342000e+00
   1.4580000e+00
   2.4809400e+00
   2.5110300e-01
   1.5157600e-01
   5.5344000e-02
   1.1117500e-01
   2.0330600e-01
   5.7393300e-01
   8.2019700e-01
